100021
100121
100201
100211
101011
101021
101111
101201
101221
102001
102011
102101
102121
102211
102221
110021
110101
110111
110201
110221
111011
111101
111121
111211
112001
112021
112111
112121
112201
120001
120011
120101
120121
120211
120221
121001
121021
121111
121201
121211
122011
122021
122101
122201
200011
200021
200111
200201
200221
201001
201011
201101
201121
201211
201221
202001
202021
202111
202121
202201
202211
210011
210101
210121
210211
211001
211021
211111
211121
211201
212011
212021
212101
212111
212221
220001
220021
220111
220201
220211
221011
221021
221101
221201
222001
222011
222121
222221
